Full fit
-------

[ 0.7153517   0.26744978  0.93396536  1.93591521  0.40658217]
0.78795374443 0.0479570949857 0.78795374443 0.851417076682
Done with sampling ...
[ 0.68462641  0.25072937  0.92711136  3.23793174  0.42048235]
[ 0.09597844  0.07976528  0.0133338   2.21216403  0.02006486]
halo mass:  1.1296539716 0.55355847864
0.647230908223 0.78795374443 1.62909583396
(0.6472309082233022, 1.6290958339636492)
total mass:  1.23621327909 0.567020857827
0.724292535329 0.851417076682 1.78622265592
(0.72429253532922977, 1.7862226559198651)


Fix scale length to 3.25 kpc
-----------------------------

[ 0.71838825  0.26502791  0.93376902  1.97044624  0.40625   ]
0.79598893936 0.0481688550114 0.79598893936 0.859116126211
Done with sampling ...
[ 0.66305071  0.27696252  0.92192993  2.40028999  0.40650425]
[ 0.09246497  0.06974469  0.01663327  1.24724295  0.00243778]
halo mass:  0.987945432523 0.32356923389
0.736053302831 0.79598893936 1.24623865486
(0.73605330283136239, 1.2462386548579882)
total mass:  1.08854645737 0.332593438093
0.822562500281 0.859116126211 1.37263060982
(0.82256250028059241, 1.3726306098171988)

W/o scale-length constraint
----------------------------

[ 0.56630119  0.26520528  0.93166022  1.86528237  0.49928807]
0.754872756839 0.041174328925 0.754872756839 0.948714004216
Done with sampling ...
[ 0.49400868  0.22911521  0.92607069  2.92618119  0.69360118]
[ 0.13284652  0.08413191  0.01527197  2.09200427  0.18591963]
halo mass:  0.925201520031 0.469511898289
0.515142304822 0.754872756839 1.35421718546
(0.5151423048224455, 1.3542171854598368)
total mass:  1.22421757013 0.459654412326
0.828835016889 0.948714004216 1.63050550255


W/o local DM density constraint
-------------------------------

[ 0.76553328  0.23446672  0.936181    2.32880668  0.40771794]
0.838856524384 0.0511224543344 0.838856524384 0.889978978718
Done with sampling ...
[ 0.70729243  0.22521591  0.92527962  3.95056689  0.42131086]
[ 0.12177403  0.08588873  0.01294244  2.44019549  0.0214679 ]
halo mass:  1.20646304304 0.478569788489
0.793813498514 0.838856524384 1.70388051153
(0.79381349851394845, 1.703880511525578)
total mass:  1.3176005323 0.481408485781
0.881205694714 0.889978978718 1.81977921266
(0.8812056947139677, 1.8197792126641987)
